0000140000000000
0000000000000000
00001a0000000000
0000000000000000
0000080000000000
0000000000000000
0000150000000000
0000000000000000
0000140000000000
0000000000000000
00001a0000000000
0000000000000000
0000080000000000
0000000000000000
0000150000000000
0000000000000000
0000170000000000
0000000000000000
00001c0000000000
0000000000000000
0000140000000000
0000000000000000
00001a0000000000
0000000000000000
0000080000000000
0000000000000000
0000150000000000
0000000000000000
0000170000000000
0000000000000000
00001c0000000000
0000000000000000
0000180000000000
0000000000000000
00000c0000000000
0000000000000000
0000120000000000
0000000000000000
0000130000000000
0000000000000000
00002f0000000000
0000000000000000
0000300000000000
0000000000000000
0000310000000000
0000000000000000
0000040000000000
0000000000000000
0000160000000000
0000000000000000
0000070000000000
0000000000000000
0000090000000000
0000000000000000
00000a0000000000
0000000000000000
00000b0000000000
0000000000000000
00000d0000000000
0000000000000000
00000e0000000000
0000000000000000
00000f0000000000
0000000000000000
0000330000000000
0000000000000000
0000340000000000
0000000000000000
00001d0000000000
0000000000000000
00001b0000000000
0000000000000000
0000060000000000
0000000000000000
0000190000000000
0000000000000000
0000050000000000
0000000000000000
0000110000000000
0000000000000000
0000100000000000
0000000000000000
0000360000000000
0000000000000000
0000370000000000
0000000000000000
0000380000000000
0000000000000000
00001e0000000000
0000000000000000
00001f0000000000
0000000000000000
0000200000000000
0000000000000000
0000210000000000
0000000000000000
0000220000000000
0000000000000000
0000230000000000
0000000000000000
0000240000000000
0000000000000000
0000250000000000
0000000000000000
0000260000000000
0000000000000000
0000270000000000
0000000000000000
00002d0000000000
0000000000000000
00002e0000000000
0000000000000000
0000350000000000
0000000000000000
00003a0000000000
0000000000000000
00003b0000000000
0000000000000000
00003c0000000000
0000000000000000
00003d0000000000
0000000000000000
00003e0000000000
0000000000000000
00003f0000000000
0000000000000000
0000400000000000
0000000000000000
0000410000000000
0000000000000000
0000420000000000
0000000000000000
0000430000000000
0000000000000000
0000440000000000
0000000000000000
0000450000000000
0000000000000000
0000460000000000
0000000000000000
0000470000000000
0000000000000000
0000480000000000
0000000000000000
0000490000000000
0000000000000000
00004a0000000000
0000000000000000
00004b0000000000
0000000000000000
00004c0000000000
0000000000000000
00004d0000000000
0000000000000000
00004e0000000000
0000000000000000
0000500000000000
0000000000000000
0000520000000000
0000000000000000
0000510000000000
0000000000000000
00004f0000000000
0000000000000000
0000530000000000
0000000000000000
0000540000000000
0000000000000000
0000540000000000
0000000000000000
0000550000000000
0000000000000000
0000560000000000
0000000000000000
0000590000000000
0000000000000000
00005a0000000000
0000000000000000
00005b0000000000
0000000000000000
00005c0000000000
0000000000000000
00005d0000000000
0000000000000000
00005e0000000000
0000000000000000
00005f0000000000
0000000000000000
0000600000000000
0000000000000000
0000610000000000
0000000000000000
0000620000000000
0000000000000000
0000630000000000
0000000000000000
0000580000000000
0000000000000000
0000570000000000
0000000000000000
0100000000000000
0000000000000000
0400000000000000
0000000000000000
0200000000000000
0200140000000000
0200000000000000
02001a0000000000
0200000000000000
0200080000000000
0200000000000000
0200150000000000
0200000000000000
0200170000000000
0200000000000000
02001c0000000000
0200000000000000
0000000000000000
0000390000000000
0000000000000000
0000390000000000
0000000000000000
0200000000000000
0200350000000000
0200000000000000
02001e0000000000
0200000000000000
02001f0000000000
0200000000000000
0200200000000000
0200000000000000
0200210000000000
0200000000000000
0200220000000000
0200000000000000
0200230000000000
0200000000000000
0200240000000000
0200000000000000
0200250000000000
0200000000000000
0200260000000000
0200000000000000
0200270000000000
0200000000000000
02002d0000000000
0200000000000000
02002e0000000000
0200000000000000
02002f0000000000
0200000000000000
0200300000000000
0200000000000000
0200310000000000
0200000000000000
0200330000000000
0200000000000000
0200340000000000
0200000000000000
0200360000000000
0200000000000000
0200370000000000
0200000000000000
0200380000000000
0200000000000000
0000000000000000
00001e0000000000
0000000000000000
00001f0000000000
0000000000000000
0000200000000000
0000000000000000
0000210000000000
0000000000000000
0000220000000000
0000000000000000
0000230000000000
0000000000000000
0000240000000000
0000000000000000
0000250000000000
0000000000000000
0000260000000000
0000000000000000
0000270000000000
0000000000000000
00002d0000000000
0000000000000000
00002e0000000000
0000000000000000