01001c00000000000000000000000000
01000000000000000000000000000000
01001800000000000000000000000000
01000000000000000000000000000000
01000600000000000000000000000000
01000000000000000000000000000000
01001700000000000000000000000000
01000000000000000000000000000000
01000900000000000000000000000000
01000000000000000000000000000000
01020000000000000000000000000000
01022f00000000000000000000000000
01020000000000000000000000000000
01021a00000000000000000000000000
01020000000000000000000000000000
01000000000000000000000000000000
01000b00000000000000000000000000
01000000000000000000000000000000
01002100000000000000000000000000
01000000000000000000000000000000
01001700000000000000000000000000
01000000000000000000000000000000
01020000000000000000000000000000
01022d00000000000000000000000000
01020000000000000000000000000000
01000000000000000000000000000000
01002100000000000000000000000000
01000000000000000000000000000000
01020000000000000000000000000000
01022d00000000000000000000000000
01020000000000000000000000000000
01021a00000000000000000000000000
01000000000000000000000000000000
01002000000000000000000000000000
01000000000000000000000000000000
01001e00000000000000000000000000
01000000000000000000000000000000
01001500000000000000000000000000
01000000000000000000000000000000
01000700000000000000000000000000
01000000000000000000000000000000
01020000000000000000000000000000
01022d00000000000000000000000000
01020000000000000000000000000000
01021800000000000000000000000000
01020000000000000000000000000000
01021600000000000000000000000000
01020000000000000000000000000000
01020500000000000000000000000000
01020000000000000000000000000000
01023000000000000000000000000000
01020000000000000000000000000000
01000000000000000000000000000000
